# RV semi-amplitude K(P) for M1=0.4, M2=0.4 Msun, i=90 deg: P [d]  K [km/s]
0.0316228 312.5329
0.0322375 310.5336
0.0328642 308.5472
0.033503 306.5734
0.0341543 304.6123
0.0348182 302.6637
0.035495 300.7276
0.036185 298.8039
0.0368884 296.8925
0.0376055 294.9933
0.0383365 293.1062
0.0390817 291.2312
0.0398414 289.3683
0.0406159 287.5172
0.0414054 285.6780
0.0422103 283.8505
0.0430308 282.0347
0.0438673 280.2306
0.04472 278.4380
0.0455893 276.6568
0.0464755 274.8871
0.0473789 273.1287
0.0482999 271.3815
0.0492388 269.6455
0.050196 267.9206
0.0511717 266.2067
0.0521665 264.5038
0.0531805 262.8118
0.0542143 261.1306
0.0552681 259.4602
0.0563425 257.8004
0.0574377 256.1513
0.0585543 254.5127
0.0596925 252.8846
0.0608529 251.2670
0.0620358 249.6596
0.0632417 248.0626
0.064471 246.4757
0.0657243 244.8991
0.0670019 243.3325
0.0683043 241.7759
0.0696321 240.2293
0.0709857 238.6925
0.0723655 237.1656
0.0737722 235.6485
0.0752063 234.1411
0.0766682 232.6433
0.0781586 231.1551
0.0796779 229.6764
0.0812267 228.2072
0.0828057 226.7474
0.0844153 225.2969
0.0860563 223.8557
0.0877291 222.4237
0.0894345 221.0009
0.091173 219.5872
0.0929453 218.1825
0.0947521 216.7868
0.0965939 215.4000
0.0984716 214.0221
0.100386 212.6531
0.102337 211.2927
0.104327 209.9411
0.106354 208.5981
0.108422 207.2637
0.11053 205.9379
0.112678 204.6205
0.114868 203.3116
0.117101 202.0110
0.119378 200.7188
0.121698 199.4348
0.124064 198.1590
0.126476 196.8914
0.128934 195.6319
0.13144 194.3805
0.133996 193.1371
0.1366 191.9016
0.139256 190.6740
0.141963 189.4543
0.144722 188.2423
0.147535 187.0382
0.150403 185.8417
0.153327 184.6529
0.156308 183.4717
0.159346 182.2980
0.162444 181.1319
0.165601 179.9732
0.16882 178.8219
0.172102 177.6780
0.175447 176.5414
0.178858 175.4121
0.182335 174.2900
0.185879 173.1751
0.189492 172.0673
0.193176 170.9666
0.196931 169.8730
0.200759 168.7863
0.204662 167.7066
0.20864 166.6338
0.212696 165.5678
0.216831 164.5087
0.221045 163.4564
0.225342 162.4107
0.229723 161.3718
0.234188 160.3395
0.238741 159.3139
0.243382 158.2947
0.248113 157.2821
0.252936 156.2760
0.257852 155.2763
0.262865 154.2831
0.267975 153.2961
0.273184 152.3155
0.278494 151.3411
0.283908 150.3730
0.289427 149.4111
0.295053 148.4553
0.300788 147.5057
0.306635 146.5621
0.312596 145.6246
0.318672 144.6930
0.324867 143.7674
0.331182 142.8478
0.33762 141.9340
0.344183 141.0260
0.350873 140.1239
0.357694 139.2275
0.364647 138.3369
0.371736 137.4520
0.378962 136.5727
0.386328 135.6991
0.393838 134.8310
0.401494 133.9685
0.409298 133.1115
0.417255 132.2600
0.425366 131.4140
0.433634 130.5733
0.442064 129.7381
0.450657 128.9081
0.459417 128.0835
0.468348 127.2642
0.477452 126.4501
0.486733 125.6412
0.496195 124.8375
0.50584 124.0389
0.515673 123.2454
0.525697 122.4570
0.535916 121.6737
0.546334 120.8954
0.556954 120.1220
0.567781 119.3536
0.578818 118.5901
0.590069 117.8315
0.60154 117.0777
0.613233 116.3288
0.625153 115.5847
0.637306 114.8453
0.649694 114.1106
0.662324 113.3807
0.675198 112.6554
0.688324 111.9347
0.701704 111.2187
0.715344 110.5072
0.72925 109.8003
0.743426 109.0979
0.757877 108.4001
0.772609 107.7066
0.787628 107.0176
0.802938 106.3331
0.818547 105.6528
0.834458 104.9770
0.850679 104.3055
0.867216 103.6382
0.884073 102.9753
0.901259 102.3165
0.918778 101.6620
0.936638 101.0117
0.954846 100.3655
0.973407 99.7235
0.992329 99.0856
1.01162 98.4518
1.03128 97.8220
1.05133 97.1962
1.07177 96.5745
1.0926 95.9567
1.11384 95.3428
1.13549 94.7329
1.15756 94.1270
1.18007 93.5248
1.20301 92.9266
1.22639 92.3321
1.25023 91.7415
1.27453 91.1546
1.29931 90.5715
1.32457 89.9921
1.35031 89.4165
1.37656 88.8445
1.40332 88.2761
1.4306 87.7114
1.45841 87.1504
1.48676 86.5929
1.51566 86.0389
1.54512 85.4886
1.57516 84.9417
1.60578 84.3983
1.63699 83.8584
1.66881 83.3220
1.70125 82.7890
1.73432 82.2594
1.76804 81.7332
1.80241 81.2104
1.83744 80.6909
1.87316 80.1747
1.90957 79.6618
1.94669 79.1522
1.98454 78.6459
2.02311 78.1428
2.06244 77.6429
2.10253 77.1463
2.1434 76.6528
2.18507 76.1624
2.22754 75.6752
2.27084 75.1911
2.31499 74.7101
2.35999 74.2322
2.40586 73.7574
2.45263 73.2855
2.50031 72.8167
2.54891 72.3509
2.59846 71.8881
2.64897 71.4283
2.70046 70.9713
2.75296 70.5173
2.80647 70.0662
2.86103 69.6180
2.91664 69.1727
2.97334 68.7302
3.03114 68.2905
3.09006 67.8537
3.15012 67.4196
3.21136 66.9884
3.27379 66.5598
3.33742 66.1341
3.4023 65.7110
3.46844 65.2907
3.53586 64.8730
3.60459 64.4580
3.67466 64.0457
3.74609 63.6360
3.81891 63.2289
3.89315 62.8245
3.96883 62.4226
4.04598 62.0233
4.12463 61.6265
4.2048 61.2323
4.28654 60.8406
4.36987 60.4514
4.45481 60.0647
4.54141 59.6805
4.62969 59.2987
4.71969 58.9194
4.81143 58.5425
4.90496 58.1680
5.00031 57.7959
5.09751 57.4262
5.1966 57.0588
5.29761 56.6938
5.40059 56.3311
5.50557 55.9708
5.6126 55.6128
5.7217 55.2570
5.83292 54.9035
5.94631 54.5523
6.0619 54.2034
6.17974 53.8566
6.29986 53.5121
6.42233 53.1698
6.54717 52.8297
6.67444 52.4917
6.80418 52.1559
6.93645 51.8223
7.07128 51.4908
7.20874 51.1614
7.34887 50.8341
7.49173 50.5090
7.63736 50.1859
7.78582 49.8648
7.93717 49.5458
8.09146 49.2289
8.24875 48.9140
8.40909 48.6011
8.57256 48.2902
8.7392 47.9813
8.90908 47.6743
9.08226 47.3694
9.25881 47.0664
9.43879 46.7653
9.62227 46.4661
9.80932 46.1689
10 45.8736
